      1       0
      2       0
      3       2
      4       2
      5       2
      6       2
      8       2
     10       2
     11       2
     12       2
     13       2
     14       2
     15       2
     16       2
     18       2
     19       2
     20       2
     21       2
     22       2
     24       2
     25       2
     26       2
     27       2
     28       2
     30       2
     31       2
     32       2
     33       2
     34       2
     36       2
     37       2
     38       2
     39       2
     40       2
     42       2
     43       2
     44       2
     45       2
     46       2
     48       2
     49       2
     50       2
     51       2
     52       2
     54       2
     55       2
     56       2
     57       2
     58       2
     60       2
     61       2
     62       2
     63       2
     64       2
     66       2
     67       2
     68       2
     69       2
     70       2
     72       2
     73       2
     74       2
     75       2
     76       2
     78       2
     79       2
     80       2
     81       2
     82       2
     84       2
     85       2
     86       2
     87       2
     88       2
     90       2
     91       2
     92       2
     93       2
     94       2
     96       2
     97       2
     98       2
     99       2
    100       2
    102       2
    103       2
    104       2
    105       2
    106       2
    108       2
    109       2
    110       2
    111       2
    112       2
    114       2
    115       2
    116       2
    117       2
    118       2
    120       2
    121       2
    122       2
    123       2
    124       2
    126       2
    127       2
    128       2
    129       2
    130       2
    132       2
    133       2
    134       2
    135       2
    136       2
    138       2
    139       2
    140       2
    141       2
    142       2
    144       2
    145       2
    146       2
    147       2
    148       2
    150       2
    151       2
    152       2
    153       2
    154       2
    156       2
    157       2
    158       2
    159       2
    160       2
    162       2
    163       2
    164       2
    165       2
    166       2
    168       2
    169       2
    170       2
    171       2
    172       2
    174       2
    175       2
    176       2
    177       2
    178       2
    180       2
    181       2
    182       2
    183       2
    184       2
    186       2
    187       2
    188       2
    189       2
    190       2
    192       2
    193       2
    194       2
    195       2
    196       2
    198       2
    199       2
    200       2
    201       2
    202       2
    204       2
    206       2
    207       2
    208       2
    209       2
    211       2
    212       2
    213       2
    214       2
    215       2
    217       2
    218       2
    219       2
    220       2
    221       2
    223       2
    224       2
    225       2
    226       2
    227       2
    229       2
    230       2
    231       2
    232       2
    233       2
    235       2
    236       2
    237       2
    238       2
    239       2
    241       2
    242       2
    243       2
    244       2
    245       2
    247       2
    248       2
    249       2
    250       2
    251       2
    253       2
    254       2
    255       2
    256       2
    257       2
    259       2
    260       2
    261       2
    262       2
    263       2
    265       2
    266       2
    267       2
    268       2
    269       2
    271       2
    272       2
    273       2
    274       2
    275       2
    277       2
    278       2
    279       2
    280       2
    281       2
    283       2
    284       2
    285       2
    286       2
    287       2
    288       2
    290       2
    291       2
    292       2
    293       2
    294       2
    296       2
    297       2
    298       2
    299       2
    300       2
    302       2
    303       2
    304       2
    305       2
    306       2
    307       2
    308       2
    309       2
    310       2
    311       2
    357       2
    358       2
    359       2
    363       2
    366       2
    392       2
    407       2
    408       2
    409       2
    410       2
    411       2
    412       2
    413       2
    415       2
    416       2
    418       2
    419       2
    420       2
    421       2
    422       2
    423       2
    424       2
    425       2
    426       2
    427       2
    428       2
    429       2
    430       2
    431       2
    432       2
    433       2
    434       2
    435       2
    436       2
    437       2
    438       2
    439       2
    440       2
    441       2
    442       2
    443       2
    444       2
    445       2
    446       2
    447       2
    448       2
    450       2
    451       2
    452       2
    462       2
    465       2
    471       2
    480       2
    493       2
    498       2
    509       2
    520       2
    543       2
    586       2
    587       2
    607       2
    632       2
    634       2
    636       2
    637       2
    639       2
    642       2
    651       2
    652       2
    653       2
    654       2
    656       2
    657       2
    659       2
    694       2
    696       2
    697       2
    698       2
    699       2
    701       2
    705       2
    706       2
    707       2
    708       2
    709       2
    710       2
    711       2
    712       2
    713       2
    714       2
    715       2
    716       2
    718       2
    721       2
    723       2
    757       2
    761       2
    762       2
    767       2
    768       2
    770       2
    782       2
    802       2
    857       2
    858       2
    859       2
    860       2
    861       2
    862       2
    863       2
    864       2
    865       2
    866       2
    885       2
    941       2
    946       1
    976       2
    980       2
    981       2
    982       2
    983       2
    984       2
    985       1
    992       2
    993       2
    995       2
   1000       1
   1001       2
   1009       2
   1058       2
   1141       2
   1143       2
   1145       2
   1157       2
   1159       2
   1160       2
   1161       2
   1171       2
   1172       2
   1173       2
   1174       2
   1175       2
   1178       2
   1179       2
   1180       2
   1181       2
   1182       2
   1183       2
   1184       2
   1185       2
   1186       2
   1193       2
   1198       2
   1200       2
   1201       2
   1202       2
   1347       2
   1348       2
   1383       2
   1401       2
   1440       2
   1445       2
   1452       2
   1453       2
   1483       2
   1561       2
   1630       2
   1886       2
   1897       2
   1977       1
   1990       2
   1991       2
   1992       2
   1993       2
   1994       2
   1995       2
   1997       2
   1998       2
   1999       2
   2000       2
   2001       2
   2002       2
   2003       2
   2004       2
   2005       2
   2006       2
   2035       1
   2036       1
   2037       1
   2039       2
   2040       2
   2042       1
   2046       1
   2047       1
   2048       1
   2053       1
   2059       1
   2061       1
   2069       1
   2077       1
   2078       1
   2084       1
   2085       1
   2094       1
   2100    2046
   2157    2085
   2258       1
   2259       1
   2313       1
   2314       1
   2354       2
   2355       2
   2364       2
   2365       2
   2383       2
   2384       2
   2385       2
   2410       1
   2450       1
   2452       1
   2488       1
   2527       1
   2542       2
   2543       2
   2544       2
   2545       2
   2546       2
   2547       2
   2548       2
   2549       2
   2550       2
   2551       2
   2567       2
   2568    2488
   2569    2488
   2570    2488
   2572    2488
   2574    2488
   2604       2
   3033       2
   3034       2
   3035       2
   3046       2
   3048       2
   3049       2
   3050       2
   3051       2
   3052       2
   3053       2
   3054       2
   3055       2
   3056       2
   3057       2
   3058       2
   3059       2
   3060       2
   3061       2
   3062       2
   3063       2
   3064       2
   3065       2
   3066       2
   3067       2
   3068       2
   3069       2
   3070       2
   3071       2
   3072       2
   3073       2
   3074       2
   3075       2
   3076       2
   3077       2
   3078       2
   3079       2
   3080       2
   3081       2
   3082       2
   3083       2
   3084       2
   3085       2
   3086       2
   3087       2
   3088       2
   3089       2
   3090       2
   3091       2
   3092       2
   3093       2
   3094       2
   3095       2
   3154       2
   3155       2
   3156       2
   3157       2
   3158       2
   3159       2
   3160       2
   3161       2
   3162       2
   3163       2
   3164       2
   3165       2
   3166       2
   3167       2
   3168       2
   3169       2
   3170       2
   3171       2
   3172       2
   3173       2
   3174       2
   3175       2
   3176       2
   3177       2
   3178       2
   3179       2
   3180       2
   3181       2
   3182       2
   3183       2
   3184       2
   3185       2
   3186       2
   3187       2
   3188       2
   3189       2
   3190       2
   3191       2
   3192       2
   3193       2
   3194       2
   3195       2
   3196       2
   3197       2
   3198       2
   3199       2
   3200       2
   3201       2
   3202       2
   3203       2
   3204       2
   3205       2
   3206       2
   3207       2
   3208       2
   3209       2
   3210       2
   3211       2
   3212       2
   3213       2
   3214       2
   3215       2
   3216       2
   3217       2
   3218       2
   3219       2
   3220       2
   3221       2
   3222       2
   3223       2
   3224       2
   3225       2
   3226       2
   3227       2
   3228       2
   3229       2
   3230       2
   3231       2
   3232       2
   3233       2
   3234       2
   3235       2
   3236       2
   3237       2
   3238       2
   3239       2
   3240       2
   3241       2
   3242       2
   3243       2
   3244       2
   3245       2
   3246       2
   3247       2
   3248       2
   3249       2
   3250       2
   3253       2
   3254       2
   3255       2
   3256       2
   3257       2
   3258       2
   3259       2
   3260       2
   3261       2
   3262       2
   3263       2
   3264       2
   3265       2
   3266       2
   3267       2
   3268       2
   3269       2
   3270       2
   3271       2
   3272       2
   3273       2
   3274       2
   3275       2
   3276       2
   3277       2
   3278       2
   3279       2
   3280       2
   3281       2
   3282       2
   3283       2
   3284       2
   3285       2
   3286       2
   3287       2
   3288       2
   3289       2
   3290       2
   3291       2
   3292       2
   3293       2
   3294       2
   3295       2
   3296       2
   3297       2
   3298       2
   3299       2
   3300       2
   3301       2
   3302       2
   3303       2
   3642       2
   3748       1
   3865       1
   3884       2
   3885       2
   3989       1
   3991    3989
   5602       2
   6371       1
   6374       1
   6385       2
   9399       2
  30113       2
  34363       2
  36018       2
  49324       2
  49327       2
  51531       2
  53336       2
 243608       2
 647536       2
 647537       2
 824106       2
 824319       2
 833116       2
 841578       2
 843164       2
 843296       2
 843423       2
 843424       2
 843886       2
 843994       2
 843995       2
 846393       2
 846424       2
 846557       2
 846713       2
 867325       2
 867456       2
 867584       2
 923510       2
 923511       2
 926670       2
 951140       2
1085839       2
1122547       2
1122548       2
1222067       2
1222071       2
1288583       2
1302561       2
1364808       2
1421858       2
1521165       2
1521172       2
1562960       2
1621068       2
1687527       2
1752400       2
1752401       2
1755745       2
1755748       2
1755762       2
1755884       2
1756012       2
1756299       2
1758724       2
1758731       2
1763574       2
1765586       2
1766265       2
1767653       2
1771755       2
1772243       2
1772244       2
1772455       2
1773093       2
1774525       2
1775086       2
1775432       2
1775462       2
1775574    3989
1776954       2
1777056       2
1777163       2
1777217       2
1777218       2
1777310       2
1777597       2
1778021       2
1778022       2
1778164       2
1778175       2
1778204       2
1778274       2
1778276       2
1778277       2
1778278       2
1778279       2
1778280       2
1778281       2
1778282       2
1778283       2
1778443       2
1778444       2
1778450    2259
1778567       2
1778649 1778450
1778650 1778649
1778669 1778650
1778778       2
1781645       2
1782292       2
1783106       2
1785523       2
1785532 1778669
2386613       2
2713122       2
2883486       2
2972637       2
2980089       2
3070951       2
3128371       2
3197461       2
3423850       2
3423851       2
3510656       2
3559276       2
3650972       2
3812737       2
3938580       2
3938596       2
4037504       2
4101454       2
4151619       2
