      1       0
      2       0
      3       2
      4       2
      5       2
      6       2
      8       2
     10       2
     11       2
     12       2
     13       2
     14       2
     15       2
     16       2
     18       2
     19       2
     20       2
     21       2
     22       2
     24       2
     25       2
     26       2
     27       2
     28       2
     30       2
     31       2
     32       2
     33       2
     34       2
     36       2
     37       2
     38       2
     39       2
     40       2
     42       2
     43       2
     44       2
     45       2
     46       2
     48       2
     49       2
     50       2
     51       2
     52       2
     54       2
     55       2
     56       2
     57       2
     58       2
     60       2
     61       2
     62       2
     63       2
     64       2
     66       2
     67       2
     68       2
     69       2
     70       2
     72       2
     73       2
     74       2
     75       2
     76       2
     78       2
     79       2
     80       2
     81       2
     82       2
     84       2
     85       2
     86       2
     87       2
     88       2
     90       2
     91       2
     92       2
     93       2
     94       2
     96       2
     97       2
     98       2
     99       2
    100       2
    102       2
    103       2
    104       2
    105       2
    106       2
    108       2
    109       2
    110       2
    111       2
    112       2
    114       2
    115       2
    116       2
    117       2
    118       2
    120       2
    121       2
    122       2
    123       2
    124       2
    126       2
    127       2
    128       2
    129       2
    130       2
    132       2
    133       2
    134       2
    135       2
    136       2
    138       2
    139       2
    140       2
    141       2
    142       2
    144       2
    145       2
    146       2
    147       2
    148       2
    150       2
    151       2
    152       2
    153       2
    154       2
    156       2
    157       2
    158       2
    159       2
    160       2
    162       2
    163       2
    164       2
    165       2
    166       2
    168       2
    169       2
    170       2
    171       2
    172       2
    174       2
    175       2
    176       2
    177       2
    178       2
    180       2
    181       2
    182       2
    183       2
    184       2
    186       2
    187       2
    188       2
    189       2
    190       2
    192       2
    193       2
    194       2
    195       2
    196       2
    198       2
    199       2
    200       2
    201       2
    202       2
    204       2
    206       2
    207       2
    208       2
    209       2
    211       2
    212       2
    213       2
    214       2
    215       2
    217       2
    218       2
    219       2
    220       2
    221       2
    223       2
    224       2
    225       2
    226       2
    227       2
    229       2
    230       2
    231       2
    232       2
    233       2
    235       2
    236       2
    237       2
    238       2
    239       2
    241       2
    242       2
    243       2
    244       2
    245       2
    247       2
    248       2
    249       2
    250       2
    251       2
    253       2
    254       2
    255       2
    256       2
    257       2
    259       2
    260       2
    261       2
    262       2
    263       2
    265       2
    266       2
    267       2
    268       2
    269       2
    271       2
    272       2
    273       2
    274       2
    275       2
    277       2
    279       2
    280       2
    281       2
    282       2
    284       2
    285       2
    286       2
    287       2
    288       2
    290       2
    291       2
    292       2
    293       2
    294       2
    296       2
    297       2
    298       2
    299       2
    300       2
    302       2
    303       2
    304       2
    305       2
    306       2
    307       2
    308       2
    309       2
    310       2
    311       2
    357       2
    358       2
    359       2
    407       2
    408       2
    409       2
    410       2
    411       2
    412       2
    413       2
    415       2
    416       2
    418       2
    419       2
    420       2
    421       2
    422       2
    423       2
    424       2
    425       2
    426       2
    427       2
    428       2
    429       2
    430       2
    431       2
    432       2
    433       2
    434       2
    435       2
    436       2
    437       2
    438       2
    439       2
    440       2
    441       2
    442       2
    443       2
    444       2
    445       2
    446       2
    447       2
    448       2
    450       2
    451       2
    452       2
    462       2
    465       2
    520       2
    541       1
    543       2
    576       2
    578       2
    606       2
    633       2
    636       2
    638       2
    640       2
    642       2
    644       2
    654       2
    655       2
    656       2
    657       2
    661       2
    662       2
    663       2
    698       2
    700       2
    701       2
    702       2
    703       2
    704       2
    705       2
    706       2
    712       2
    713       2
    714       2
    715       2
    716       2
    717       2
    718       2
    719       2
    720       2
    721       2
    722       2
    726       2
    728       2
    760       2
    762       2
    767       2
    780       2
    801       2
    856       2
    857       2
    858       2
    859       2
    860       2
    861       2
    862       2
    863       2
    864       2
    865       2
    878       2
    885       2
    931       2
    933       2
    939       2
    948       1
    983       2
    986       2
    987       2
    988       2
    989       1
    995       2
    996       2
    997       2
   1000       1
   1009       2
   1011       2
   1051       2
   1053       2
   1057       2
   1069       2
   1077       2
   1153       2
   1154       2
   1157       2
   1170       2
   1172       2
   1173       2
   1176       2
   1178       2
   1181       2
   1182       2
   1184       2
   1185       2
   1186       2
   1187       2
   1189       2
   1190       2
   1191       2
   1192       2
   1193       2
   1194       2
   1195       2
   1200       2
   1204       2
   1208       2
   1340       2
   1358       2
   1359       2
   1376       2
   1405       2
   1415       2
   1443       2
   1444       2
   1467       2
   1486       2
   1556       2
   1771       2
   1986       1
   2000       2
   2001       2
   2002       2
   2003       2
   2004       2
   2005       2
   2006       2
   2007       2
   2009       2
   2010       2
   2011       2
   2012       2
   2013       2
   2014       2
   2015       2
   2016       2
   2040       1
   2044       1
   2046       1
   2048       2
   2049       2
   2055       1
   2057       1
   2058       1
   2060       1
   2065       1
   2071       1
   2073       1
   2079       1
   2081       1
   2085       1
   2097       1
   2106       1
   2125    2057
   2143    2097
   2264       1
   2267       1
   2357       1
   2391       2
   2392       2
   2393       2
   2394       2
   2395       2
   2405       2
   2406       2
   2449       1
   2455       1
   2477       1
   2497       1
   2541       1
   2559       2
   2560       2
   2561       2
   2562       2
   2563       2
   2564       2
   2565       2
   2566       2
   2567       2
   2568       2
   2587    2497
   2589    2497
   2591    2497
   2595    2497
   2596    2497
   3047       2
   3048       2
   3049       2
   3060       2
   3061       2
   3062       2
   3063       2
   3064       2
   3065       2
   3066       2
   3067       2
   3068       2
   3069       2
   3070       2
   3071       2
   3072       2
   3073       2
   3074       2
   3075       2
   3076       2
   3077       2
   3078       2
   3079       2
   3080       2
   3081       2
   3082       2
   3083       2
   3084       2
   3085       2
   3086       2
   3087       2
   3088       2
   3089       2
   3090       2
   3091       2
   3092       2
   3093       2
   3094       2
   3095       2
   3096       2
   3097       2
   3098       2
   3099       2
   3100       2
   3101       2
   3102       2
   3103       2
   3104       2
   3105       2
   3106       2
   3107       2
   3108       2
   3182       2
   3183       2
   3184       2
   3185       2
   3186       2
   3187       2
   3188       2
   3189       2
   3190       2
   3191       2
   3192       2
   3193       2
   3194       2
   3195       2
   3196       2
   3197       2
   3198       2
   3199       2
   3200       2
   3201       2
   3202       2
   3203       2
   3204       2
   3205       2
   3206       2
   3207       2
   3208       2
   3209       2
   3210       2
   3211       2
   3212       2
   3213       2
   3214       2
   3215       2
   3216       2
   3217       2
   3218       2
   3219       2
   3220       2
   3221       2
   3222       2
   3223       2
   3224       2
   3225       2
   3226       2
   3227       2
   3228       2
   3229       2
   3230       2
   3231       2
   3232       2
   3233       2
   3234       2
   3235       2
   3236       2
   3237       2
   3238       2
   3239       2
   3240       2
   3241       2
   3242       2
   3243       2
   3244       2
   3245       2
   3246       2
   3247       2
   3248       2
   3249       2
   3250       2
   3251       2
   3252       2
   3253       2
   3254       2
   3255       2
   3256       2
   3257       2
   3258       2
   3259       2
   3260       2
   3261       2
   3262       2
   3263       2
   3264       2
   3265       2
   3266       2
   3267       2
   3268       2
   3269       2
   3270       2
   3271       2
   3272       2
   3273       2
   3274       2
   3275       2
   3276       2
   3277       2
   3278       2
   3281       2
   3282       2
   3283       2
   3284       2
   3285       2
   3286       2
   3287       2
   3288       2
   3289       2
   3290       2
   3291       2
   3292       2
   3293       2
   3294       2
   3295       2
   3296       2
   3297       2
   3298       2
   3299       2
   3300       2
   3301       2
   3302       2
   3303       2
   3304       2
   3305       2
   3306       2
   3307       2
   3308       2
   3309       2
   3310       2
   3311       2
   3312       2
   3313       2
   3314       2
   3315       2
   3316       2
   3317       2
   3318       2
   3319       2
   3320       2
   3321       2
   3322       2
   3323       2
   3324       2
   3325       2
   3326       2
   3327       2
   3328       2
   3329       2
   3330       2
   3331       2
   3474       2
   3650       2
   3757       1
   3872       1
   3888       2
   3889       2
   4027       1
   4029    4027
   4876       2
   5931       1
   5934       1
  42035       2
  42036       2
  44380       2
  44381       2
  44382       2
  44383       2
 178092       2
 197083       2
 197084       2
 199025       2
 313721       2
 315807       2
 316777       2
 372669       2
 426385       1
 474965       2
 722825       2
 739146       2
 739147       2
 740983       2
 807395       2
 878346       2
 979042       2
1078768       2
1177702       2
1251091       2
1251092       2
1251093       2
1251094       2
1251095       2
1251096       2
1251097       2
1251098       2
1251099       2
1251100       2
1251101       2
1251102       2
1251103       2
1251104       2
1251105       2
1251106       2
1251107       2
1251108       2
1251109       2
1251110       2
1251111       2
1251112       2
1251113       2
1251114       2
1251115       2
1251116       2
1251117       2
1251118       2
1251119       2
1251120       2
1251121       2
1251122       2
1251123       2
1251124       2
1251125       2
1251126       2
1251127       2
1251128       2
1251129       2
1251130       2
1251131       2
1251132       2
1251133       2
1278253       2
1450561       2
1477443       2
1690226       2
1882212       2
1882214       2
1882215       2
1893862       2
1977563       2
1977579       2
2092559       2
2180501       2
2375357       2
2380470       2
2380593       2
2380725       2
2389687       2
2398913       2
2400490       2
2403756       2
2405152       2
2417131       2
2424913       2
2439266       2
2440187       2
2454110       2
2454982       2
2480691       2
2494507       2
2506213       2
2506437       2
2509022       2
2511934       2
2522687       2
2532216       2
2534013       2
2545774       2
2557354       2
2557358       2
2571515       2
2577724       2
2585353       2
2604998       2
2612388       2
2612389       2
2618699       2
2629717       2
2634587       2
2634705       2
2634921       2
2634922       2
2643158       2
2658224       2
2848660       2
2848936       2
2848952       2
2849213       2
2867724       2
2894618    4027
2944658       2
2944659       2
2956506       2
2986808       2
3017609       2
3096132       2
3109125       2
3128039       2
3128040       2
3220676       2
3227946       2
3227947       2
3252749       2
3260512       2
3312878       2
3317544       2
3317545       2
3371738       2
3371778       2
3371779       2
3391223       2
3409724       2
3450647       2
3479947       1
3492655       2
3503104       2
3505120       2
3514245       2
3520711       2
3520712       2
3520852       2
3520876       2
3521215       2
3521471       2
3521608       2
3521673       2
3521674       2
3521675       2
3521742       2
3521744       2
3521745       2
3521746       2
3521747       2
3521748       2
3521749       2
3521750       2
3521751       2
3521875       2
3521877       2
3521878       2
3521884    2267
3521916       2
3522004       2
3522005       2
3522098 3521884
3522099 3522098
3522118 3522099
3528019       2
3528398 3522118
3698577       2
3854752       2
3918718       2
