      1       0
      2       0
      3       2
      4       2
      5       2
      6       2
      8       2
     10       2
     11       2
     12       2
     13       2
     14       2
     15       2
     16       2
     18       2
     19       2
     20       2
     21       2
     22       2
     24       2
     25       2
     26       2
     27       2
     28       2
     30       2
     31       2
     32       2
     33       2
     34       2
     36       2
     37       2
     38       2
     39       2
     40       2
     42       2
     43       2
     44       2
     45       2
     46       2
     48       2
     49       2
     50       2
     51       2
     52       2
     54       2
     55       2
     56       2
     57       2
     58       2
     60       2
     61       2
     62       2
     63       2
     64       2
     66       2
     67       2
     68       2
     69       2
     70       2
     72       2
     73       2
     74       2
     75       2
     76       2
     78       2
     79       2
     80       2
     81       2
     82       2
     84       2
     85       2
     86       2
     87       2
     88       2
     90       2
     91       2
     92       2
     93       2
     94       2
     96       2
     97       2
     98       2
     99       2
    100       2
    102       2
    103       2
    104       2
    105       2
    106       2
    108       2
    109       2
    110       2
    111       2
    112       2
    114       2
    115       2
    116       2
    117       2
    118       2
    120       2
    121       2
    122       2
    123       2
    124       2
    126       2
    127       2
    128       2
    129       2
    130       2
    132       2
    133       2
    134       2
    135       2
    136       2
    138       2
    139       2
    140       2
    141       2
    142       2
    144       2
    145       2
    146       2
    147       2
    148       2
    150       2
    151       2
    152       2
    153       2
    154       2
    156       2
    157       2
    158       2
    159       2
    160       2
    162       2
    163       2
    164       2
    165       2
    166       2
    168       2
    169       2
    170       2
    171       2
    172       2
    174       2
    175       2
    176       2
    177       2
    178       2
    180       2
    181       2
    182       2
    183       2
    184       2
    186       2
    187       2
    188       2
    189       2
    190       2
    192       2
    193       2
    194       2
    195       2
    196       2
    198       2
    199       2
    200       2
    201       2
    202       2
    204       2
    205       2
    206       2
    207       2
    208       2
    210       2
    212       2
    213       2
    214       2
    215       2
    217       2
    218       2
    219       2
    220       2
    221       2
    223       2
    224       2
    225       2
    226       2
    227       2
    229       2
    230       2
    231       2
    232       2
    233       2
    235       2
    236       2
    237       2
    238       2
    239       2
    241       2
    242       2
    243       2
    244       2
    245       2
    247       2
    248       2
    249       2
    250       2
    251       2
    253       2
    254       2
    255       2
    256       2
    257       2
    259       2
    260       2
    261       2
    262       2
    263       2
    265       2
    266       2
    267       2
    268       2
    269       2
    271       2
    272       2
    273       2
    274       2
    275       2
    277       2
    278       2
    279       2
    280       2
    281       2
    283       2
    285       2
    286       2
    287       2
    288       2
    290       2
    291       2
    292       2
    293       2
    294       2
    296       2
    297       2
    298       2
    299       2
    300       2
    302       2
    303       2
    304       2
    305       2
    306       2
    307       2
    308       2
    309       2
    310       2
    311       2
    357       2
    358       2
    359       2
    407       2
    408       2
    409       2
    410       2
    411       2
    412       2
    413       2
    415       2
    416       2
    418       2
    419       2
    420       2
    421       2
    422       2
    423       2
    424       2
    425       2
    426       2
    427       2
    428       2
    429       2
    430       2
    431       2
    432       2
    433       2
    434       2
    435       2
    436       2
    437       2
    438       2
    439       2
    440       2
    441       2
    442       2
    443       2
    444       2
    445       2
    446       2
    447       2
    448       2
    450       2
    451       2
    452       2
    462       2
    465       2
    467       2
    473       2
    477       2
    478       2
    507       2
    513       2
    520       2
    543       2
    576       2
    578       2
    635       2
    636       2
    637       2
    638       2
    640       2
    642       2
    643       2
    652       2
    654       2
    657       2
    658       2
    659       2
    688       2
    689       2
    690       2
    691       2
    692       2
    693       2
    703       2
    705       2
    706       2
    708       2
    709       2
    711       2
    714       2
    715       2
    716       2
    717       2
    718       2
    719       2
    720       2
    722       2
    726       2
    747       2
    763       2
    765       2
    766       2
    775       2
    800       2
    855       2
    856       2
    857       2
    858       2
    859       2
    860       2
    861       2
    862       2
    863       2
    864       2
    865       2
    866       2
    879       2
    945       1
    977       2
    978       2
    980       2
    981       2
    982       1
    984       2
    987       2
    991       2
    992       2
    993       2
    994       2
   1000       1
   1002       2
   1020       2
   1064       2
   1141       2
   1145       2
   1149       2
   1153       2
   1158       2
   1160       2
   1161       2
   1163       2
   1164       2
   1165       2
   1166       2
   1167       2
   1168       2
   1169       2
   1170       2
   1173       2
   1174       2
   1238       2
   1294       2
   1328       2
   1330       2
   1343       2
   1344       2
   1359       2
   1391       2
   1392       2
   1399       2
   1400       2
   1404       2
   1422       2
   1442       2
   1455       2
   1456       2
   1467       2
   1470       2
   1471       2
   1479       2
   1482       2
   1647       2
   1888       2
   1979       1
   1992       2
   1993       2
   1994       2
   1995       2
   1996       2
   1997       2
   1998       2
   1999       2
   2001       2
   2002       2
   2003       2
   2004       2
   2005       2
   2007       2
   2008       2
   2009       2
   2031       1
   2036       1
   2038       1
   2041       2
   2042       2
   2045       1
   2048       1
   2049       1
   2050       1
   2056       1
   2059       2
   2075       1
   2076       1
   2083       1
   2087       1
   2090       1
   2096       1
   2097       1
   2103       1
   2106    2048
   2275    2097
   2294       2
   2295       2
   2306       2
   2308       2
   2401       1
   2417       1
   2418       1
   2429       1
   2431       1
   2443       1
   2487       1
   2502       2
   2503       2
   2504       2
   2505       2
   2506       2
   2507       2
   2509       2
   2510       2
   2511       2
   2512       2
   2521    2429
   2522    2429
   2525    2429
   2528    2429
   2529    2429
   2531       1
   2563       2
   2591       1
   2627       2
   2628       2
   2629       2
   2889       2
   2890       2
   2891       2
   2902       2
   2903       2
   2904       2
   2905       2
   2906       2
   2907       2
   2908       2
   2909       2
   2910       2
   2911       2
   2912       2
   2913       2
   2914       2
   2915       2
   2916       2
   2917       2
   2918       2
   2919       2
   2920       2
   2921       2
   2922       2
   2923       2
   2924       2
   2925       2
   2926       2
   2927       2
   2928       2
   2929       2
   2930       2
   2931       2
   2932       2
   2933       2
   2934       2
   2935       2
   2936       2
   2937       2
   2938       2
   2939       2
   2940       2
   2941       2
   2942       2
   2943       2
   2944       2
   2945       2
   2946       2
   2947       2
   2948       2
   2949       2
   2950       2
   3047       2
   3048       2
   3049       2
   3050       2
   3051       2
   3052       2
   3053       2
   3054       2
   3055       2
   3056       2
   3057       2
   3058       2
   3059       2
   3060       2
   3061       2
   3062       2
   3063       2
   3064       2
   3065       2
   3066       2
   3067       2
   3068       2
   3069       2
   3070       2
   3071       2
   3072       2
   3073       2
   3074       2
   3075       2
   3076       2
   3077       2
   3078       2
   3079       2
   3080       2
   3081       2
   3082       2
   3083       2
   3084       2
   3085       2
   3086       2
   3087       2
   3088       2
   3089       2
   3090       2
   3091       2
   3092       2
   3093       2
   3094       2
   3095       2
   3096       2
   3097       2
   3098       2
   3099       2
   3100       2
   3101       2
   3102       2
   3103       2
   3104       2
   3105       2
   3106       2
   3107       2
   3108       2
   3109       2
   3110       2
   3111       2
   3112       2
   3113       2
   3114       2
   3115       2
   3116       2
   3117       2
   3118       2
   3119       2
   3120       2
   3121       2
   3122       2
   3123       2
   3124       2
   3125       2
   3126       2
   3127       2
   3128       2
   3129       2
   3130       2
   3131       2
   3132       2
   3133       2
   3134       2
   3135       2
   3136       2
   3137       2
   3138       2
   3139       2
   3140       2
   3141       2
   3142       2
   3143       2
   3146       2
   3147       2
   3148       2
   3149       2
   3150       2
   3151       2
   3152       2
   3153       2
   3154       2
   3155       2
   3156       2
   3157       2
   3158       2
   3159       2
   3160       2
   3161       2
   3162       2
   3163       2
   3164       2
   3165       2
   3166       2
   3167       2
   3168       2
   3169       2
   3170       2
   3171       2
   3172       2
   3173       2
   3174       2
   3175       2
   3176       2
   3177       2
   3178       2
   3179       2
   3180       2
   3181       2
   3182       2
   3183       2
   3184       2
   3185       2
   3186       2
   3187       2
   3188       2
   3189       2
   3190       2
   3191       2
   3192       2
   3193       2
   3194       2
   3195       2
   3196       2
   3650       2
   3751       1
   3859       1
   3877       2
   3878       2
   3993       1
   3995    3993
   6215       1
   6218       1
   6456       2
   6956       2
   8395       2
  12080       2
  13528       2
  13534       2
  13594       2
  13636       2
  13640       2
  13655       2
  13676       2
  13685       2
  14545       2
  14546       2
  27444       2
  31161       2
  31866       2
  34804       2
  35534       2
  66466       2
  67171       2
  67924       2
  72309       2
  76717       2
  81101       2
  83288       2
  89873       2
  96451       2
 115421       2
 116163       2
 119053       2
 119054       2
 119056       2
 119063       2
 119068       2
 119075       2
 119078       2
 119086       2
 119094       2
 119096       2
 119097       2
 119100       2
 119805       2
 120810       2
 123808       2
 129134       2
 135091       2
 135092       2
 135414       2
 135733       2
 141019       2
 141745       2
 141891       2
 143715       2
 144362       2
 144463       2
 144514       2
 151164       2
 151562       2
 151563       2
 153093       2
 153100       2
 153725       2
 155773       2
 158042       2
 158291       2
 158302       2
 162013       2
 162743       2
 165668       2
 166175       2
 166404       2
 167867       2
 168594       2
 170792       2
 174448       2
 175181       2
 178100       2
 178846       2
 179574       2
 181075       2
 183263       2
 184000       2
 185423       2
 185424       2
 190936       2
 191063       2
 191693    3993
 192828       2
 192829       2
 193395       2
 194478       2
 196051       2
 196586       2
 196948       2
 197080       2
 197121       2
 197209       2
 197210       2
 197686       2
 197819       2
 198083       2
 198084       2
 198487       2
 198604       2
 198830       2
 199108       2
 199193       2
 199195       2
 199196       2
 199197       2
 199198       2
 199199       2
 199200       2
 199201       2
 199202       2
 199328       2
 199330       2
 199331       2
 199337    2443
 199370       2
 199371       2
 199457       1
 199458       2
 199459       2
 199542  199337
 199543  199542
 199562  199543
 199600  199562
