      1       0
      2       0
      3       2
      4       2
      5       2
      6       2
      7       2
      8       2
     10       2
     11       2
     12       2
     13       2
     14       2
     15       2
     16       2
     18       2
     19       2
     20       2
     21       2
     22       2
     24       2
     25       2
     26       2
     27       2
     28       2
     30       2
     31       2
     32       2
     33       2
     34       2
     36       2
     37       2
     38       2
     39       2
     40       2
     42       2
     43       2
     44       2
     45       2
     46       2
     48       2
     49       2
     50       2
     51       2
     52       2
     54       2
     55       2
     56       2
     57       2
     58       2
     60       2
     61       2
     62       2
     63       2
     64       2
     66       2
     67       2
     68       2
     69       2
     70       2
     72       2
     73       2
     74       2
     75       2
     76       2
     78       2
     79       2
     80       2
     81       2
     82       2
     84       2
     85       2
     86       2
     87       2
     88       2
     90       2
     91       2
     92       2
     93       2
     94       2
     96       2
     97       2
     98       2
     99       2
    100       2
    102       2
    103       2
    104       2
    105       2
    106       2
    108       2
    109       2
    110       2
    111       2
    112       2
    114       2
    115       2
    116       2
    117       2
    118       2
    120       2
    121       2
    122       2
    123       2
    124       2
    126       2
    127       2
    128       2
    129       2
    130       2
    132       2
    133       2
    134       2
    135       2
    136       2
    138       2
    139       2
    140       2
    141       2
    142       2
    144       2
    145       2
    146       2
    147       2
    148       2
    150       2
    151       2
    152       2
    153       2
    154       2
    156       2
    157       2
    158       2
    159       2
    160       2
    162       2
    163       2
    164       2
    165       2
    166       2
    168       2
    169       2
    170       2
    171       2
    172       2
    174       2
    175       2
    176       2
    177       2
    178       2
    180       2
    181       2
    182       2
    183       2
    184       2
    186       2
    187       2
    188       2
    189       2
    190       2
    192       2
    193       2
    194       2
    195       2
    196       2
    198       2
    199       2
    200       2
    201       2
    202       2
    204       2
    205       2
    206       2
    207       2
    208       2
    210       2
    212       2
    213       2
    214       2
    215       2
    217       2
    218       2
    219       2
    220       2
    221       2
    223       2
    224       2
    225       2
    226       2
    227       2
    229       2
    230       2
    231       2
    232       2
    233       2
    235       2
    236       2
    237       2
    238       2
    239       2
    241       2
    242       2
    243       2
    244       2
    245       2
    247       2
    248       2
    249       2
    250       2
    251       2
    253       2
    254       2
    255       2
    256       2
    257       2
    259       2
    260       2
    261       2
    262       2
    263       2
    265       2
    266       2
    267       2
    268       2
    269       2
    271       2
    272       2
    273       2
    274       2
    275       2
    277       2
    278       2
    279       2
    280       2
    281       2
    283       2
    285       2
    286       2
    287       2
    288       2
    290       2
    291       2
    292       2
    293       2
    294       2
    296       2
    297       2
    298       2
    299       2
    300       2
    302       2
    303       2
    304       2
    305       2
    306       2
    307       2
    308       2
    309       2
    310       2
    311       2
    357       2
    358       2
    359       2
    366       2
    378       2
    398       2
    399       2
    400       2
    407       2
    408       2
    409       2
    410       2
    411       2
    412       2
    413       2
    415       2
    416       2
    418       2
    419       2
    420       2
    421       2
    422       2
    423       2
    424       2
    425       2
    426       2
    427       2
    428       2
    429       2
    430       2
    431       2
    432       2
    433       2
    434       2
    435       2
    436       2
    437       2
    438       2
    439       2
    440       2
    441       2
    442       2
    443       2
    444       2
    445       2
    446       2
    447       2
    448       2
    450       2
    451       2
    452       2
    462       2
    465       2
    476       2
    477       2
    478       2
    483       2
    490       2
    497       2
    498       2
    500       2
    503       2
    504       2
    507       2
    513       2
    520       2
    543       2
    582       2
    584       2
    601       2
    637       2
    639       2
    641       2
    643       2
    644       2
    645       2
    651       2
    652       2
    653       2
    654       2
    655       2
    675       2
    677       2
    678       2
    689       2
    690       2
    691       2
    698       2
    700       2
    703       2
    704       2
    705       2
    706       2
    707       2
    708       2
    709       2
    710       2
    711       2
    712       2
    715       2
    717       2
    719       2
    756       2
    758       2
    759       2
    760       2
    761       2
    762       2
    765       2
    768       2
    769       2
    801       2
    856       2
    857       2
    858       2
    859       2
    860       2
    861       2
    862       2
    863       2
    864       2
    865       2
    866       2
    879       2
    886       2
    946       1
    977       2
    980       2
    981       2
    982       2
    983       1
    984       2
    989       2
    990       2
    991       2
    999       2
   1001       1
   1003       2
   1005       2
   1006       2
   1007       2
   1050       2
   1057       2
   1117       2
   1145       2
   1147       2
   1162       2
   1165       2
   1167       2
   1176       2
   1184       2
   1187       2
   1188       2
   1189       2
   1190       2
   1230       2
   1297       2
   1300       2
   1305       2
   1310       2
   1311       2
   1313       2
   1315       2
   1316       2
   1318       2
   1348       2
   1418       2
   1424       2
   1426       2
   1457       2
   1464       2
   1467       2
   1472       2
   1473       2
   1564       2
   1639       2
   1860       2
   1977       1
   1990       2
   1991       2
   1992       2
   1993       2
   1994       2
   1995       2
   1996       2
   1997       2
   1999       2
   2000       2
   2001       2
   2002       2
   2003       2
   2004       2
   2005       2
   2006       2
   2029       1
   2034       1
   2036       1
   2038       2
   2039       2
   2044       1
   2045       1
   2046       1
   2053       1
   2069       1
   2074       1
   2082       1
   2090       1
   2094       1
   2096       1
   2097       1
   2114       1
   2128       1
   2143    2097
   2174    2044
   2192       2
   2251       1
   2252       1
   2297       2
   2298       2
   2299       2
   2300       2
   2301       2
   2302       2
   2303       2
   2304       2
   2305       2
   2306       2
   2370       2
   2371       2
   2381       2
   2382       2
   2385       1
   2386       1
   2433       1
   2437       1
   2478       1
   2493       1
   2540       1
   2559       2
   2560       2
   2561       2
   2570       2
   2572    2493
   2574    2493
   2578    2493
   2579    2493
   2580    2493
   2873       2
   2987       2
   2988       2
   2989       2
   3000       2
   3001       2
   3002       2
   3003       2
   3004       2
   3005       2
   3006       2
   3007       2
   3008       2
   3009       2
   3010       2
   3011       2
   3012       2
   3013       2
   3014       2
   3015       2
   3016       2
   3017       2
   3018       2
   3019       2
   3020       2
   3021       2
   3022       2
   3023       2
   3024       2
   3025       2
   3026       2
   3027       2
   3028       2
   3029       2
   3030       2
   3031       2
   3032       2
   3033       2
   3034       2
   3035       2
   3036       2
   3037       2
   3038       2
   3039       2
   3040       2
   3041       2
   3042       2
   3043       2
   3044       2
   3045       2
   3046       2
   3047       2
   3048       2
   3149       2
   3150       2
   3151       2
   3152       2
   3153       2
   3154       2
   3155       2
   3156       2
   3157       2
   3158       2
   3159       2
   3160       2
   3161       2
   3162       2
   3163       2
   3164       2
   3165       2
   3166       2
   3167       2
   3168       2
   3169       2
   3170       2
   3171       2
   3172       2
   3173       2
   3174       2
   3175       2
   3176       2
   3177       2
   3178       2
   3179       2
   3180       2
   3181       2
   3182       2
   3183       2
   3184       2
   3185       2
   3186       2
   3187       2
   3188       2
   3189       2
   3190       2
   3191       2
   3192       2
   3193       2
   3194       2
   3195       2
   3196       2
   3197       2
   3198       2
   3199       2
   3200       2
   3201       2
   3202       2
   3203       2
   3204       2
   3205       2
   3206       2
   3207       2
   3208       2
   3209       2
   3210       2
   3211       2
   3212       2
   3213       2
   3214       2
   3215       2
   3216       2
   3217       2
   3218       2
   3219       2
   3220       2
   3221       2
   3222       2
   3223       2
   3224       2
   3225       2
   3226       2
   3227       2
   3228       2
   3229       2
   3230       2
   3231       2
   3232       2
   3233       2
   3234       2
   3235       2
   3236       2
   3237       2
   3238       2
   3239       2
   3240       2
   3241       2
   3242       2
   3243       2
   3244       2
   3245       2
   3248       2
   3249       2
   3250       2
   3251       2
   3252       2
   3253       2
   3254       2
   3255       2
   3256       2
   3257       2
   3258       2
   3259       2
   3260       2
   3261       2
   3262       2
   3263       2
   3264       2
   3265       2
   3266       2
   3267       2
   3268       2
   3269       2
   3270       2
   3271       2
   3272       2
   3273       2
   3274       2
   3275       2
   3276       2
   3277       2
   3278       2
   3279       2
   3280       2
   3281       2
   3282       2
   3283       2
   3284       2
   3285       2
   3286       2
   3287       2
   3288       2
   3289       2
   3290       2
   3291       2
   3292       2
   3293       2
   3294       2
   3295       2
   3296       2
   3297       2
   3298       2
   3617       2
   3732       1
   3840       1
   3855       2
   3856       2
   3974       1
   3976    3974
   5258       2
   5385       2
   6328       1
   6331       1
   6364       2
   8541       2
   8793       2
   9788       2
   9919       2
  21120       2
  21909       2
  22070       2
  22194       2
  26729       2
  26730       2
  26731       2
  31603       2
  36387       2
  40524       2
  40761       2
  40766       2
  40899       2
  41132       2
  41208       2
  44111       2
  44112       2
  45097       2
  45391       2
  48862       2
  49856       2
  49857       2
  53956       2
  57795       2
  58750       2
  59762       2
  63230       2
  65289       2
  68139       2
  69699       2
  71079       2
  73846       2
  74626       2
  75663       2
  78495       2
  78496       2
  82496       2
  82623       2
  84453       2
  88948       2
  90361       2
  90494       2
  91167       2
  91860       2
  92564       2
  93240       2
  95146       2
  95147       2
  98498       2
  98627       2
  98752       2
  98982       2
  99454       2
 101846       2
 102012       2
 103790       2
 103918       2
 134477       2
 134824       2
 134827       2
 135178       2
 144668       2
 144669       2
 144670       2
 170623       2
 182352       2
 184313       2
 184826    3974
 185529       2
 185833       2
 185834       2
 185951       2
 185970       2
 186080       2
 186208       2
 186243       2
 186809       2
 186868       2
 187110       2
 187111       2
 187227       2
 187260       2
 187320       2
 187450       2
 188035       2
 188036       2
 188037       2
 188038       2
 188039       2
 188040       2
 188041       2
 188042       2
 188161       2
 188163       2
 188164       2
 188170    2252
 188365  188170
 188366  188365
 188385  188366
 192049       2
 192119       2
 192120       2
 192121       2
 192122       2
 192254       2
 194315       2
 194373       2
 195491  188385
