      1       0
      2       0
      3       2
      4       2
      5       2
      6       2
      8       2
     10       2
     11       2
     12       2
     13       2
     14       2
     15       2
     16       2
     18       2
     19       2
     20       2
     21       2
     22       2
     24       2
     25       2
     26       2
     27       2
     28       2
     30       2
     31       2
     32       2
     33       2
     34       2
     36       2
     37       2
     38       2
     39       2
     40       2
     42       2
     43       2
     44       2
     45       2
     46       2
     48       2
     49       2
     50       2
     51       2
     52       2
     54       2
     55       2
     56       2
     57       2
     58       2
     60       2
     61       2
     62       2
     63       2
     64       2
     66       2
     67       2
     68       2
     69       2
     70       2
     72       2
     73       2
     74       2
     75       2
     76       2
     78       2
     79       2
     80       2
     81       2
     82       2
     84       2
     85       2
     86       2
     87       2
     88       2
     90       2
     91       2
     92       2
     93       2
     94       2
     96       2
     97       2
     98       2
     99       2
    100       2
    102       2
    103       2
    104       2
    105       2
    106       2
    108       2
    109       2
    110       2
    111       2
    112       2
    114       2
    115       2
    116       2
    117       2
    118       2
    120       2
    121       2
    122       2
    123       2
    124       2
    126       2
    127       2
    128       2
    129       2
    130       2
    132       2
    133       2
    134       2
    135       2
    136       2
    138       2
    139       2
    140       2
    141       2
    142       2
    144       2
    145       2
    146       2
    147       2
    148       2
    150       2
    151       2
    152       2
    153       2
    154       2
    156       2
    157       2
    158       2
    159       2
    160       2
    162       2
    163       2
    164       2
    165       2
    166       2
    168       2
    169       2
    170       2
    171       2
    172       2
    174       2
    175       2
    176       2
    177       2
    178       2
    180       2
    181       2
    182       2
    183       2
    184       2
    186       2
    187       2
    188       2
    189       2
    190       2
    192       2
    193       2
    194       2
    195       2
    196       2
    198       2
    199       2
    200       2
    201       2
    202       2
    204       2
    205       2
    206       2
    207       2
    208       2
    210       2
    212       2
    213       2
    214       2
    215       2
    217       2
    218       2
    219       2
    220       2
    221       2
    223       2
    224       2
    225       2
    226       2
    227       2
    229       2
    230       2
    231       2
    232       2
    233       2
    235       2
    236       2
    237       2
    238       2
    239       2
    241       2
    242       2
    243       2
    244       2
    245       2
    247       2
    248       2
    249       2
    250       2
    251       2
    253       2
    254       2
    255       2
    256       2
    257       2
    259       2
    260       2
    261       2
    262       2
    263       2
    265       2
    266       2
    267       2
    268       2
    269       2
    271       2
    272       2
    273       2
    274       2
    275       2
    277       2
    278       2
    279       2
    280       2
    281       2
    283       2
    285       2
    286       2
    287       2
    288       2
    290       2
    291       2
    292       2
    293       2
    294       2
    296       2
    297       2
    298       2
    299       2
    300       2
    302       2
    303       2
    304       2
    305       2
    306       2
    307       2
    308       2
    309       2
    310       2
    311       2
    357       2
    358       2
    359       2
    407       2
    408       2
    409       2
    410       2
    411       2
    412       2
    413       2
    415       2
    416       2
    418       2
    419       2
    420       2
    421       2
    422       2
    423       2
    424       2
    425       2
    426       2
    427       2
    428       2
    429       2
    430       2
    431       2
    432       2
    433       2
    434       2
    435       2
    436       2
    437       2
    438       2
    439       2
    440       2
    441       2
    442       2
    443       2
    444       2
    445       2
    446       2
    447       2
    448       2
    450       2
    451       2
    452       2
    462       2
    465       2
    489       2
    490       2
    492       2
    499       2
    513       2
    520       2
    543       2
    564       2
    567       2
    613       2
    635       2
    636       2
    639       2
    643       2
    644       2
    645       2
    650       2
    652       2
    653       2
    656       2
    657       2
    658       2
    687       2
    688       2
    689       2
    690       2
    691       2
    692       2
    702       2
    703       2
    705       2
    707       2
    708       2
    709       2
    710       2
    711       2
    712       2
    713       2
    714       2
    715       2
    716       2
    719       2
    754       2
    756       2
    759       2
    763       2
    764       2
    765       2
    768       2
    769       2
    771       2
    783       2
    803       2
    858       2
    859       2
    860       2
    861       2
    862       2
    863       2
    864       2
    865       2
    866       2
    867       2
    868       2
    887       2
    939       2
    948       1
    979       2
    982       2
    983       2
    984       2
    985       2
    986       2
    987       1
    989       2
    994       2
    995       2
    997       2
   1003       1
   1004       2
   1008       2
   1062       2
   1065       2
   1073       2
   1074       2
   1135       2
   1138       2
   1139       2
   1142       2
   1150       2
   1163       2
   1166       2
   1167       2
   1168       2
   1169       2
   1170       2
   1171       2
   1172       2
   1173       2
   1174       2
   1175       2
   1176       2
   1178       2
   1179       2
   1197       2
   1200       2
   1201       2
   1204       2
   1211       2
   1212       2
   1357       2
   1358       2
   1359       2
   1360       2
   1361       2
   1372       2
   1641       2
   1839       2
   1965       1
   1980       2
   1981       2
   1982       2
   1983       2
   1984       2
   1985       2
   1986       2
   1987       2
   1990       2
   1991       2
   1992       2
   1993       2
   1994       2
   1995       2
   1996       2
   1997       2
   2021       1
   2025       1
   2027       1
   2029       2
   2030       2
   2033       1
   2036       1
   2037       1
   2038       1
   2043       1
   2047       1
   2050       1
   2056       1
   2059       1
   2061       1
   2063       1
   2064       1
   2067       1
   2070    2036
   2122    2064
   2179       1
   2180       1
   2197       1
   2248       1
   2360       2
   2376       2
   2404       2
   2415       2
   2428       2
   2429       2
   2430       2
   2431       2
   2482       1
   2502       1
   2513       1
   2541       1
   2547    2541
   2548    2541
   2549    2541
   2550    2541
   2554    2541
   2583       1
   2586       2
   2587       2
   2588       2
   2589       2
   2590       2
   2591       2
   2592       2
   2593       2
   2594       2
   2595       2
   2755       2
   2756       2
   2757       2
   2771       2
   2772       2
   2773       2
   2774       2
   2775       2
   2776       2
   2777       2
   2778       2
   2779       2
   2780       2
   2781       2
   2782       2
   2783       2
   2784       2
   2785       2
   2786       2
   2787       2
   2788       2
   2789       2
   2790       2
   2791       2
   2792       2
   2793       2
   2794       2
   2795       2
   2796       2
   2797       2
   2798       2
   2799       2
   2800       2
   2801       2
   2802       2
   2803       2
   2804       2
   2805       2
   2806       2
   2807       2
   2808       2
   2809       2
   2810       2
   2811       2
   2812       2
   2813       2
   2814       2
   2815       2
   2816       2
   2817       2
   2818       2
   2819       2
   3055       2
   3056       2
   3057       2
   3058       2
   3059       2
   3060       2
   3061       2
   3062       2
   3063       2
   3064       2
   3065       2
   3066       2
   3067       2
   3068       2
   3069       2
   3070       2
   3071       2
   3072       2
   3073       2
   3074       2
   3075       2
   3076       2
   3077       2
   3078       2
   3079       2
   3080       2
   3081       2
   3082       2
   3083       2
   3084       2
   3085       2
   3086       2
   3087       2
   3088       2
   3089       2
   3090       2
   3091       2
   3092       2
   3093       2
   3094       2
   3095       2
   3096       2
   3097       2
   3098       2
   3099       2
   3100       2
   3101       2
   3102       2
   3103       2
   3104       2
   3105       2
   3106       2
   3107       2
   3108       2
   3109       2
   3110       2
   3111       2
   3112       2
   3113       2
   3114       2
   3115       2
   3116       2
   3117       2
   3118       2
   3119       2
   3120       2
   3121       2
   3122       2
   3123       2
   3124       2
   3125       2
   3126       2
   3127       2
   3128       2
   3129       2
   3130       2
   3131       2
   3132       2
   3133       2
   3134       2
   3135       2
   3136       2
   3137       2
   3138       2
   3139       2
   3140       2
   3142       2
   3143       2
   3144       2
   3145       2
   3146       2
   3147       2
   3148       2
   3149       2
   3150       2
   3151       2
   3152       2
   3158       2
   3159       2
   3160       2
   3161       2
   3162       2
   3163       2
   3164       2
   3165       2
   3166       2
   3167       2
   3168       2
   3169       2
   3170       2
   3171       2
   3172       2
   3173       2
   3174       2
   3175       2
   3176       2
   3177       2
   3178       2
   3179       2
   3180       2
   3181       2
   3182       2
   3183       2
   3184       2
   3185       2
   3186       2
   3187       2
   3188       2
   3189       2
   3190       2
   3191       2
   3192       2
   3193       2
   3194       2
   3195       2
   3196       2
   3197       2
   3198       2
   3199       2
   3200       2
   3201       2
   3202       2
   3203       2
   3204       2
   3205       2
   3206       2
   3207       2
   3208       2
   3620       2
   3735       1
   3851       1
   3865       2
   3866       2
   3978       1
   3980    3978
   4842       2
   6211       2
   6319       1
   6322       1
   6455       2
   7068       2
   9609       2
  11059       2
  21223       2
  31088       2
  31713       2
  35962       2
  37970       2
  37971       2
  40113       2
  46403       2
  49315       2
  59755       2
  63092       2
  63223       2
  63271       2
  64087       2
  64887       2
  66460       2
  66461       2
  66462       2
  66463       2
  66464       2
  66465       2
  66466       2
  66467       2
  66479       2
  66774       2
  67226       2
  77089       2
  77090       2
  82745       2
  82748       2
  87229       2
  93420       2
  93421       2
  97641       2
 103303       2
 103591       2
 113756       2
 116987       2
 116988       2
 117134       2
 121145       2
 121397       2
 121398       2
 122586       2
 122587       2
 122588       2
 122589       2
 122590       2
 136366       2
 141205       2
 144660       2
 145366       2
 145367       2
 145753       2
 234940       2
 464011       2
 464044       2
 670278       2
 670279       2
 767898       2
 979881       2
1019888       2
1202218       2
1202235       2
1359421       2
1399039       2
1399040       2
1399042       2
1399076       2
1399077       2
1399162       2
1422489       2
1735286       2
1735303       2
1895029       2
1895059       2
1926121       2
2079946       2
2080001       2
2136378       2
2196570       2
2264329       2
2486598    3978
2674083       2
2747399       2
2850378       2
3015330       2
3020024       2
3159405       2
3211726       2
3342961       2
3343018       2
3436345       2
3522739       2
3570462       2
3716061       2
3717426       2
3731117       2
3740476       2
3741653       2
3741770       2
3742354       2
3755979       2
3785000       2
3801093       2
3827889       2
3841510       2
3854173       2
3935994       2
3956254       2
3956341       2
3992879       2
3992880       2
3993100       2
3993103       2
3993105       2
3993106       2
3993107       2
3993108       2
3993109       2
3993110       2
3993111       2
3993112       2
3993116       2
3993117       2
3993239       2
3993241       2
3993242       2
3993248    2180
3993270       2
3993364       2
3993446 3993248
3993447 3993446
3993466 3993447
3996307       2
3997195       2
3998786       2
4000408 3993466
