      1       0
      2       0
      3       2
      4       2
      5       2
      6       2
      8       2
     10       2
     11       2
     12       2
     13       2
     14       2
     15       2
     16       2
     18       2
     19       2
     20       2
     21       2
     22       2
     24       2
     25       2
     26       2
     27       2
     28       2
     30       2
     31       2
     32       2
     33       2
     34       2
     36       2
     37       2
     38       2
     39       2
     40       2
     42       2
     43       2
     44       2
     45       2
     46       2
     48       2
     49       2
     50       2
     51       2
     52       2
     54       2
     55       2
     56       2
     57       2
     58       2
     60       2
     61       2
     62       2
     63       2
     64       2
     66       2
     67       2
     68       2
     69       2
     70       2
     72       2
     73       2
     74       2
     75       2
     76       2
     78       2
     79       2
     80       2
     81       2
     82       2
     84       2
     85       2
     86       2
     87       2
     88       2
     90       2
     91       2
     92       2
     93       2
     94       2
     96       2
     97       2
     98       2
     99       2
    100       2
    102       2
    103       2
    104       2
    105       2
    106       2
    108       2
    109       2
    110       2
    111       2
    112       2
    114       2
    115       2
    116       2
    117       2
    118       2
    120       2
    121       2
    122       2
    123       2
    124       2
    126       2
    127       2
    128       2
    129       2
    130       2
    132       2
    133       2
    134       2
    135       2
    136       2
    138       2
    139       2
    140       2
    141       2
    142       2
    144       2
    145       2
    146       2
    147       2
    148       2
    150       2
    151       2
    152       2
    153       2
    154       2
    156       2
    157       2
    158       2
    159       2
    160       2
    162       2
    163       2
    164       2
    165       2
    166       2
    168       2
    169       2
    170       2
    171       2
    172       2
    174       2
    175       2
    176       2
    177       2
    178       2
    180       2
    181       2
    182       2
    183       2
    184       2
    186       2
    187       2
    188       2
    189       2
    190       2
    192       2
    193       2
    194       2
    195       2
    196       2
    198       2
    199       2
    200       2
    201       2
    202       2
    204       2
    206       2
    207       2
    208       2
    209       2
    211       2
    212       2
    213       2
    214       2
    215       2
    217       2
    218       2
    219       2
    220       2
    221       2
    223       2
    224       2
    225       2
    226       2
    227       2
    229       2
    230       2
    231       2
    232       2
    233       2
    235       2
    236       2
    237       2
    238       2
    239       2
    241       2
    242       2
    243       2
    244       2
    245       2
    247       2
    248       2
    249       2
    250       2
    251       2
    253       2
    254       2
    255       2
    256       2
    257       2
    259       2
    260       2
    261       2
    262       2
    263       2
    265       2
    266       2
    267       2
    268       2
    269       2
    271       2
    272       2
    273       2
    274       2
    275       2
    277       2
    278       2
    279       2
    280       2
    281       2
    283       2
    285       2
    286       2
    287       2
    288       2
    290       2
    291       2
    292       2
    293       2
    294       2
    296       2
    297       2
    298       2
    299       2
    300       2
    302       2
    303       2
    304       2
    305       2
    306       2
    307       2
    308       2
    309       2
    310       2
    311       2
    357       2
    358       2
    359       2
    368       2
    391       2
    398       2
    407       2
    408       2
    409       2
    410       2
    411       2
    412       2
    413       2
    415       2
    416       2
    418       2
    419       2
    420       2
    421       2
    422       2
    423       2
    424       2
    425       2
    426       2
    427       2
    428       2
    429       2
    430       2
    431       2
    432       2
    433       2
    434       2
    435       2
    436       2
    437       2
    438       2
    439       2
    440       2
    441       2
    442       2
    443       2
    444       2
    445       2
    446       2
    447       2
    448       2
    450       2
    451       2
    452       2
    462       2
    465       2
    470       2
    474       2
    480       2
    483       2
    485       2
    490       2
    493       2
    498       2
    520       2
    543       2
    573       2
    575       2
    583       2
    630       2
    631       2
    632       2
    634       2
    639       2
    640       2
    642       2
    649       2
    653       2
    654       2
    655       2
    656       2
    657       2
    658       2
    692       2
    693       2
    694       2
    695       2
    696       2
    697       2
    703       2
    705       2
    707       2
    708       2
    709       2
    710       2
    711       2
    712       2
    713       2
    714       2
    715       2
    716       2
    718       2
    721       2
    747       2
    760       2
    761       2
    762       2
    763       2
    767       2
    769       2
    802       2
    857       2
    858       2
    859       2
    860       2
    861       2
    862       2
    863       2
    864       2
    865       2
    866       2
    885       2
    945       1
    977       2
    979       2
    980       2
    981       2
    985       1
    988       2
    989       2
    990       2
    991       1
   1000       2
   1002       2
   1016       2
   1048       2
   1066       2
   1086       2
   1087       2
   1098       2
   1101       2
   1106       2
   1107       2
   1109       2
   1110       2
   1111       2
   1112       2
   1113       2
   1114       2
   1115       2
   1116       2
   1117       2
   1120       2
   1123       2
   1126       2
   1130       2
   1133       2
   1134       2
   1147       2
   1149       2
   1150       2
   1151       2
   1154       2
   1162       2
   1288       2
   1289       2
   1318       2
   1319       2
   1321       2
   1395       2
   1450       2
   1526       2
   1531       2
   1633       2
   1830       2
   1938       1
   1950       2
   1951       2
   1952       2
   1953       2
   1954       2
   1955       2
   1956       2
   1957       2
   1959       2
   1960       2
   1961       2
   1962       2
   1963       2
   1964       2
   1965       2
   1966       2
   1989       1
   1994       1
   1996       1
   1998       2
   1999       2
   2002       1
   2006       1
   2007       1
   2008       1
   2013       1
   2027       1
   2034       1
   2042       1
   2050       1
   2052       1
   2057       1
   2058       1
   2061       1
   2066    2006
   2122    2058
   2213       1
   2219       1
   2295       1
   2296       1
   2328       2
   2329       2
   2339       2
   2340       2
   2353       2
   2354       2
   2355       2
   2413       2
   2444       1
   2451       2
   2456       2
   2461       1
   2481       1
   2510       1
   2513    2510
   2515    2510
   2518    2510
   2520    2510
   2521    2510
   2556       1
   2561       2
   2563       2
   2564       2
   2565       2
   2566       2
   2567       2
   2568       2
   2569       2
   2570       2
   2571       2
   2719       2
   2720       2
   2721       2
   2734       2
   2735       2
   2736       2
   2737       2
   2738       2
   2739       2
   2740       2
   2741       2
   2742       2
   2743       2
   2744       2
   2745       2
   2746       2
   2747       2
   2748       2
   2749       2
   2750       2
   2751       2
   2752       2
   2753       2
   2754       2
   2755       2
   2756       2
   2757       2
   2758       2
   2759       2
   2760       2
   2761       2
   2762       2
   2763       2
   2764       2
   2765       2
   2766       2
   2767       2
   2768       2
   2769       2
   2770       2
   2771       2
   2772       2
   2773       2
   2774       2
   2775       2
   2776       2
   2777       2
   2778       2
   2779       2
   2780       2
   2781       2
   2782       2
   2862       2
   3029       2
   3030       2
   3031       2
   3032       2
   3033       2
   3034       2
   3035       2
   3036       2
   3037       2
   3038       2
   3039       2
   3040       2
   3041       2
   3042       2
   3043       2
   3044       2
   3045       2
   3046       2
   3047       2
   3048       2
   3049       2
   3050       2
   3051       2
   3052       2
   3053       2
   3054       2
   3055       2
   3056       2
   3057       2
   3058       2
   3059       2
   3060       2
   3061       2
   3062       2
   3063       2
   3064       2
   3065       2
   3066       2
   3067       2
   3068       2
   3069       2
   3070       2
   3071       2
   3072       2
   3073       2
   3074       2
   3075       2
   3076       2
   3077       2
   3078       2
   3079       2
   3080       2
   3081       2
   3082       2
   3083       2
   3084       2
   3085       2
   3086       2
   3087       2
   3088       2
   3089       2
   3090       2
   3091       2
   3092       2
   3093       2
   3094       2
   3095       2
   3096       2
   3097       2
   3098       2
   3099       2
   3100       2
   3101       2
   3102       2
   3103       2
   3105       2
   3106       2
   3107       2
   3108       2
   3109       2
   3110       2
   3111       2
   3112       2
   3113       2
   3114       2
   3115       2
   3117       2
   3118       2
   3119       2
   3120       2
   3121       2
   3122       2
   3123       2
   3124       2
   3130       2
   3131       2
   3132       2
   3143       2
   3144       2
   3145       2
   3146       2
   3147       2
   3148       2
   3149       2
   3150       2
   3151       2
   3152       2
   3153       2
   3154       2
   3155       2
   3156       2
   3157       2
   3158       2
   3159       2
   3160       2
   3161       2
   3162       2
   3163       2
   3164       2
   3165       2
   3166       2
   3167       2
   3168       2
   3169       2
   3170       2
   3171       2
   3172       2
   3173       2
   3174       2
   3175       2
   3176       2
   3177       2
   3178       2
   3179       2
   3180       2
   3181       2
   3182       2
   3183       2
   3184       2
   3185       2
   3186       2
   3187       2
   3188       2
   3189       2
   3190       2
   3191       2
   3192       2
   3193       2
   3584       2
   3596       2
   3689       1
   3810       1
   3826       2
   3827       2
   3932       1
   3937    3932
   5334       2
   6273       1
   6276       1
   6287       2
   6300       2
  15775       2
  17712       2
  20562       2
  20704       2
  24337       2
  30170       2
  39439       2
  43422       2
  53506       2
  58232       2
  61570       2
  68457       2
  68588       2
  84301       2
  93461       2
  96924       2
  97053       2
  97182       2
  97183       2
  99629       2
 101876       2
 103451       2
 115622       2
 117066       2
 121541       2
 124146       2
 124251       2
 124252       2
 133648       2
 133649       2
 133650       2
 133651       2
 137835       2
 138526       2
 144065       2
 144461       2
 144753       2
 223499       2
 286258       2
 330277       2
 331340       2
 531354       2
 531435       2
 614411       2
 724256       2
 724273       2
1339699       2
1434850       2
1627318       2
1734084       2
1931742       2
2129922       2
2220078       2
2327944       2
2366731       2
2424270       2
2517047       2
2517050       2
2517068       2
2525638       2
2577690       2
2615578       2
2837591       2
2837680       2
3029690       2
3033015       2
3119116       2
3428955       2
3840240       2
3840277       2
3926722       2
3927894       2
3998390       2
4050794       2
4050811       2
4136836       2
4136837       2
4138839       2
4139130       2
4139273       2
4139276       2
4139289       2
4139290       2
4139291       2
4139450       2
4139839       2
4141008       2
4142384       2
4143076       2
4143626       2
4143729       2
4144109       2
4144143    3932
4144238       2
4144240       2
4144241       2
4144242       2
4144243       2
4144244       2
4144245       2
4144246       2
4144247       2
4144366       2
4144368       2
4144369       2
4144375    2219
4144490       2
4144491       2
4144573 4144375
4144574 4144573
4144593 4144574
4144840       2
4147898       2
4148660       2
4150657       2
4150872 4144593
